11,0.5420560747663551
16 8,0.4953271028037383
16 16,0.4766355140186916
16 16,0.4392523364485981
16 8,0.40186915887850466
16 8,0.5754716981132075
16 16,0.46226415094339623
16 8,0.46226415094339623
16 8,0.4339622641509434
16 16,0.5094339622641509
16 1,16 16,11,16 1 and 16 16,16 1 and 11,16 16 and 11,16 1 and 16 16 and 11,0.5420560747663551
16 16,0.48598130841121495
16 8,16 16,16 8 and 16 16,0.4766355140186916
16 8,16 16,11,16 8 and 16 16,16 8 and 11,16 16 and 11,16 8 and 16 16 and 11,0.5046728971962616
16 8,16 16,16 8 and 16 16,0.4766355140186916
16 8,14,16 16,16 8 and 14,16 8 and 16 16,14 and 16 16,16 8 and 14 and 16 16,0.6698113207547169
16 8,16 16,16 8 and 16 16,0.46226415094339623
16 8,17 19,16 16,19 0,16 8 and 17 19,16 8 and 16 16,16 8 and 19 0,17 19 and 16 16,17 19 and 19 0,16 16 and 19 0,16 8 and 17 19 and 16 16,16 8 and 17 19 and 19 0,16 8 and 16 16 and 19 0,17 19 and 16 16 and 19 0,0.5188679245283019
16 8,16 16,16 8 and 16 16,0.4811320754716981
16 8,16 16,16 8 and 16 16,0.5094339622641509
